miRNA	D10_WT_Fe_Ov-1	D10_WT_Fe_Ov-2	D10_WT_Fe_Ov-3	D10_MT_Fe_Ov-1	D10_MT_Fe_Ov-2	D10_MT_Fe_Ov-3	D10_WT_Ma_Te-1	D10_WT_Ma_Te-2	D10_WT_Ma_Te-3	D30_WT_Fe_Ov-1	D30_WT_Fe_Ov-2	D30_WT_Fe_Ov-3	D30_MT_Fe_Ov-1	D30_MT_Fe_Ov-2	D30_MT_Fe_Ov-3	D30_WT_Ma_Te-1	D30_WT_Ma_Te-2	D30_WT_Ma_Te-3	D120_WT_Fe_Ov-1	D120_WT_Fe_Ov-2	D120_WT_Fe_Ov-3	D120_MT_Fe_Ov-1	D120_MT_Fe_Ov-2	D120_MT_Fe_Ov-3	D120_WT_Ma_Te-1	D120_WT_Ma_Te-2	D120_WT_Ma_Te-3
ola-let-7a-2-5p	758	422	362	696	576	1228	313	179	862	2452	1371	1597	230	47	374	381	306	161	2507	3475	1316	1499	2433	1593	658	758	630
ola-let-7a-3-5p	65531	36654	25265	45131	39252	90179	16999	14730	67478	143082	74071	108005	17479	4390	59453	28733	23766	13477	191816	240629	97133	108727	183768	133388	44864	52027	39437
ola-let-7a-3-3p	794	565	584	904	657	1535	280	222	845	185	270	180	3	0	18	186	145	95	678	1755	1164	802	1221	562	393	393	260
ola-let-7a-4-3p	77	57	64	136	47	101	33	39	89	0	33	18	0	0	4	12	27	8	47	139	86	49	91	26	49	62	51
ola-let-7a-5-3p	93	49	52	108	51	94	31	36	113	5112	3932	4977	129	88	330	451	557	260	642	1139	589	564	700	452	318	287	176
ola-let-7a-6-3p	1	0	6	2	0	3	1	0	5	0	0	0	0	0	0	2	2	1	15	18	28	17	10	17	8	5	2
ola-let-7b-5p	4630	2771	2303	4885	3889	7147	569	1450	7978	28614	13760	20735	1286	1171	3163	3910	2935	1944	39873	75878	33138	34282	60980	27801	9753	8861	8994
ola-let-7b-3p	107	32	69	92	69	166	23	25	83	414	454	567	1	1	10	47	24	21	55	213	116	162	134	72	69	44	42
ola-let-7c-2-5p	9936	5669	3730	7130	6629	14468	1301	2195	10111	5940	2884	3662	463	224	3908	825	641	400	2394	4210	1786	1835	3164	1614	1188	1223	1095
ola-let-7c-3p	103	69	103	125	68	171	46	27	105	86	15	28	2	0	6	23	20	12	22	81	40	33	35	25	26	19	23
ola-let-7d-5p	50947	33627	23014	42245	34777	69683	4263	15187	58869	29158	17669	30100	2241	899	5419	3348	2460	1606	14944	30365	13256	13419	21813	11782	7216	6636	6671
ola-let-7e-5p	2186	1131	1107	1864	1308	3256	640	527	2659	16258	8253	10358	1890	561	12946	10260	9634	4957	22069	31458	13555	15123	21476	14948	6600	7079	4529
ola-let-7e-1-3p	19	12	18	29	26	76	15	6	26	148	133	126	1	2	86	91	131	62	94	223	124	110	154	70	54	68	26
ola-let-7e-2-3p	84	43	34	74	39	104	12	9	82	97	31	14	1	0	16	39	29	29	64	124	92	74	90	80	42	47	28
ola-let-7g-5p	30049	15181	11496	19941	16356	39018	6375	7230	33391	28053	12877	15572	3596	865	23393	8609	9823	4985	27666	34820	13873	15098	23216	19052	18399	19673	13942
ola-let-7g-1-3p	175	113	107	168	121	254	42	45	189	132	85	42	1	0	13	57	38	26	124	179	145	97	133	111	116	86	54
ola-let-7g-2-3p	0	0	0	0	0	0	0	0	0	0	0	0	0	0	0	0	0	0	0	0	0	0	0	0	0	0	0
ola-let-7h-1-5p	4433	2871	2870	4055	3229	6138	924	1448	6156	8294	3111	5539	982	266	1181	1488	1243	860	7139	15364	6502	5939	8908	5601	7851	6524	6534
ola-let-7h-1-3p	127	72	99	131	101	141	51	56	131	288	261	218	0	0	20	11	6	11	30	132	56	79	45	34	68	48	57
ola-let-7i-5p	7367	3862	6424	7842	4766	11964	1388	2261	11431	12770	5494	7003	1346	666	5123	2491	3007	1877	9292	18775	9712	8386	13315	9712	16975	15800	12988
ola-let-7i-1-3p	147	66	110	138	73	183	57	28	213	2	9	9	0	0	3	29	17	11	144	618	338	108	263	191	1315	373	182
ola-let-7j-5p	9253	5232	5717	9869	5601	12994	2591	3281	15094	6383	3405	5014	1808	500	9797	4443	4250	2703	9945	21030	8825	8919	13010	7718	10908	9926	7855
ola-let-7j-3p	98	46	81	139	63	194	12	22	106	0	0	0	0	0	0	15	14	8	65	142	82	76	90	57	123	95	79
ola-miR-1-1-5p	54	23	60	35	17	40	23	24	19	0	0	0	0	0	0	0	0	0	0	0	0	0	0	0	0	1	2
ola-miR-1-3p	42080	28803	23966	25885	18961	31320	9135	9895	22455	80	100	134	17	8	21	1985	1520	799	6783	9649	4089	4859	8166	5915	3497	3730	4325
ola-miR-100-5p	64148	42741	43469	75261	48497	88276	31568	22657	95942	16234	12827	16140	2529	1732	5878	16837	18716	11254	36418	61916	31326	39108	52462	21305	31166	28990	25326
ola-miR-100-2-3p	159	52	70	103	42	139	17	16	72	0	0	0	0	0	5	103	204	90	238	410	233	177	325	177	171	168	166
ola-miR-101a-5p	6	12	15	3	8	22	5	3	7	0	0	0	0	0	0	0	0	0	9	40	17	15	30	6	19	22	19
ola-miR-101a-3p	239	89	187	105	126	233	33	27	104	0	0	0	0	0	12	18	11	13	225	590	379	247	557	227	491	345	564
ola-miR-101b-5p	1396	861	829	1395	839	1948	525	391	1893	43	43	11	2	3	8	40	14	15	179	270	154	180	238	94	215	171	181
ola-miR-101b-3p	264	65	125	114	66	285	16	17	87	0	0	0	0	0	0	22	19	7	137	329	205	125	297	98	279	195	304
ola-miR-103-2-5p	0	0	0	0	0	0	0	0	0	0	0	0	0	0	0	0	0	0	0	0	0	0	0	0	0	0	0
ola-miR-103-3p	5610	3103	5044	4793	5042	8926	2615	1698	8678	182	37	98	17	15	139	215	173	135	1029	1952	1094	737	1058	792	894	864	745
ola-miR-103-1-5p	0	0	0	0	0	0	0	0	0	0	0	0	0	0	0	0	0	0	0	0	0	0	0	0	0	0	0
ola-miR-10544-3p	75	5	12	23	17	68	6	0	1	0	0	0	0	0	0	3	0	0	0	1	1	0	2	0	4	2	1
ola-miR-10545-5p	130	68	81	99	83	126	73	29	90	79	0	0	0	10	3	31	31	24	181	341	237	138	218	155	224	163	166
ola-miR-10545-3p	2	5	4	5	13	4	2	1	2	0	0	0	0	0	0	0	1	1	4	10	6	3	8	3	5	6	6
ola-miR-10551-3p	1	0	7	8	1	3	1	0	1	0	0	0	0	0	0	0	1	0	1	4	2	3	5	2	2	1	1
ola-miR-10585-5p	9	15	14	7	5	18	9	5	19	0	0	0	0	0	0	0	0	0	0	0	1	0	0	2	0	2	1
ola-miR-10651-5p	8	0	6	6	5	8	0	2	8	0	0	0	0	0	0	0	0	0	0	1	0	0	1	1	0	0	0
ola-miR-10651-3p	10	8	21	37	5	21	10	3	28	0	0	0	0	0	0	1	0	0	1	8	5	4	3	2	1	2	1
ola-miR-106ba-5p	1431	556	1257	876	1015	1620	447	525	1631	80	143	77	6	4	32	157	125	98	994	2094	1280	1088	1602	920	2621	1781	2337
ola-miR-106ba-3p	2	0	1	7	2	5	1	0	0	0	0	0	1	0	0	0	0	0	1	4	6	3	5	1	6	5	3
ola-miR-107a-3p	330	201	974	210	240	380	103	122	352	0	0	0	0	2	10	14	8	6	68	405	99	68	112	75	142	85	170
ola-miR-10965-5p	522	338	150	352	322	330	127	150	208	45	0	28	2	13	20	59	31	30	63	80	57	46	91	21	45	31	37
ola-miR-10965-3p	0	1	0	0	0	0	0	0	0	0	0	0	0	0	0	2	0	0	0	2	0	0	0	0	0	1	1
ola-miR-10b-5p	86771	82389	85167	126736	75202	83733	70360	45022	153806	1062	724	530	47	29	66	721	460	392	1715	3828	2190	2570	3183	1299	3256	2582	3678
ola-miR-10b-1-3p	389	367	350	457	392	425	267	197	404	0	0	0	0	0	0	2	0	0	0	8	4	6	11	4	1	1	3
ola-miR-10b-2a-3p	33	23	28	7	16	28	16	16	24	0	0	0	0	0	0	0	0	0	3	15	11	3	9	3	10	8	7
ola-miR-10c-5p	57922	36926	42228	64021	47174	67612	23549	21638	85618	242	187	169	33	4	14	242	142	150	277	535	310	436	477	266	280	327	1028
ola-miR-10c-3p	143	69	108	142	103	119	38	69	129	0	0	0	0	0	0	3	0	0	1	3	1	5	4	3	4	1	10
ola-miR-10d-5p	110347	108129	104135	160752	92367	92435	79148	56152	170657	68	68	61	13	1	3	54	33	22	33	33	9	22	28	28	365	264	462
ola-miR-10d-3p	215	218	124	285	186	189	135	106	246	0	0	0	0	0	0	0	0	0	0	1	0	0	0	0	0	0	0
ola-miR-122-5p	52694	38206	32457	68064	42158	84560	15193	28339	120480	5096	2681	6239	148	2095	194	880	1283	787	355	935	989	273	2093	818	1136	1713	1689
ola-miR-122-3p	4945	2513	1355	4165	3700	10276	892	1057	6230	0	13	70	4	7	0	152	332	137	23	64	63	12	174	57	146	186	162
ola-miR-124-5p	74	38	53	67	63	128	49	24	111	0	0	0	0	0	4	0	0	0	0	0	0	0	0	0	0	0	1
ola-miR-124-3p	85029	1523	15159	24122	19999	169257	10716	413	3557	0	0	0	2	0	3391	8	3	2	33	190	32	16	38	13	230	55	92
ola-miR-124-4a-5p	5	4	11	5	6	18	9	2	19	0	0	0	0	0	0	0	0	0	0	0	0	0	0	0	0	0	0
ola-miR-124-4b-5p	2	0	1	4	6	0	0	4	7	0	0	0	0	0	0	0	0	0	0	0	0	0	0	0	0	0	0
ola-miR-124-2/3/5-5p	74	38	53	67	63	128	51	24	111	0	0	0	0	0	4	0	0	0	0	0	0	0	0	0	0	0	1
ola-miR-124-6-5p	19	19	31	30	23	46	25	14	35	0	0	0	0	0	0	0	0	0	0	2	0	0	0	1	2	0	1
ola-miR-125a-1-5p	31800	18440	18719	41429	25881	48548	15764	6363	52235	7686	4754	6312	672	565	1861	4145	4304	2242	6283	14192	8057	10247	10639	3515	6179	6040	5864
ola-miR-125a-1-3p	337	150	267	280	273	438	126	79	224	116	50	16	1	1	12	31	28	15	66	122	90	76	141	49	49	26	33
ola-miR-125a-2-5p	27393	14109	18784	48787	23684	43995	16982	6340	64868	2807	3037	3862	315	209	619	1449	1244	672	1398	3564	1565	2781	2374	700	1669	1642	1809
ola-miR-125a-2-3p	130	78	109	106	132	228	44	30	65	21	0	11	0	0	3	6	5	2	10	35	15	13	17	15	11	8	7
ola-miR-125b-5p	10711	5833	10712	10434	10175	14596	9245	4638	13985	5441	2172	1428	262	277	748	1993	2511	1226	6852	20785	16958	8278	15545	6402	7974	6788	18610
ola-miR-125b-1-3p	108	21	60	121	78	200	45	1	27	0	37	9	0	0	0	20	10	12	18	72	37	32	53	11	55	47	40
ola-miR-125b-2-3p	284	28	134	383	221	491	117	16	53	157	134	186	10	17	29	42	49	32	67	232	197	89	160	55	54	69	42
ola-miR-125b-3-3p	765	480	499	1027	618	1079	334	411	1361	493	412	484	40	22	49	31	25	23	40	68	41	54	56	27	44	39	36
ola-miR-126b-5p	3121	1924	2485	1891	3162	5287	1005	848	3093	82	10	0	3	7	25	212	118	123	1623	5553	3576	2516	3762	1559	1531	1301	1458
ola-miR-126b-3p	8762	5207	6583	8987	6888	14344	2915	2255	11711	2447	1248	1548	208	198	685	5059	4746	3057	10131	15906	10688	8873	12264	8127	5971	5570	5601
ola-miR-128-2-5p	432	160	91	330	152	613	75	55	135	0	13	0	0	0	7	1	0	0	3	2	0	2	4	1	7	4	7
ola-miR-128-3p	29353	13229	18891	21383	23377	55500	11388	4404	20117	1410	653	983	178	60	411	483	222	212	2223	4789	3406	2442	3663	1623	5500	4088	3535
ola-miR-128-3-5p	778	429	244	748	397	1369	210	222	896	0	48	44	0	0	5	5	4	0	13	22	27	27	21	14	36	25	23
ola-miR-129-5p	2973	1880	2814	4659	2518	4685	3233	1234	8805	32	13	0	8	3	54	3	1	2	18	55	17	33	65	9	98	82	123
ola-miR-129-1a-3p	98	70	130	90	156	183	133	40	204	0	0	0	9	0	1	1	0	0	0	1	0	0	0	0	2	0	1
ola-miR-129-1b/2-3p	361	229	415	240	567	756	426	92	660	0	0	0	0	6	16	3	1	1	1	5	2	0	4	2	8	3	14
ola-miR-1306-5p	84	32	87	152	70	112	50	34	85	88	67	161	1	2	3	24	16	9	11	23	14	12	10	2	14	17	7
ola-miR-1306-3p	24	29	15	46	14	40	14	13	27	0	0	0	0	0	0	1	1	0	6	18	14	9	10	4	9	7	2
ola-miR-130b-5p	2238	1337	1197	2907	1469	2778	1339	706	2345	362	241	314	38	9	55	112	74	49	80	263	85	118	160	50	135	134	114
ola-miR-130b-3p	833	323	464	597	438	1014	79	74	429	0	0	54	0	0	1	26	29	13	58	188	86	76	98	60	97	78	104
ola-miR-130c-1-5p	199	122	200	183	131	202	134	146	164	0	0	0	0	3	0	6	2	1	12	16	7	3	17	9	2	1	0
ola-miR-130c-1-3p	3216	1792	2630	1151	2052	2879	1000	1008	2077	87	0	1	2	0	58	72	18	21	162	1305	298	295	419	158	183	137	283
ola-miR-130c-2-5p	29	24	21	41	12	31	15	13	35	0	0	0	0	0	0	0	0	1	4	7	3	5	5	3	5	5	1
ola-miR-130c-2-3p	574	283	464	265	363	520	162	155	426	0	0	15	2	0	50	27	10	8	65	561	109	113	150	72	138	71	188
ola-miR-132a-5p	2168	540	586	1259	805	2157	169	135	1106	0	0	0	0	0	0	1	4	0	27	33	6	17	56	9	8	7	21
ola-miR-132-3p	263	105	89	190	686	241	179	49	159	4	1	1	3	0	4	0	1	0	13	20	12	10	40	8	35	35	41
ola-miR-132b-5p	2831	803	975	1739	1654	3614	445	310	2124	36	0	10	0	1	38	3	1	2	12	12	5	4	20	5	26	20	17
ola-miR-133a-5p	323	138	351	97	124	201	24	104	82	0	0	0	0	0	0	2	1	0	13	33	29	12	28	17	22	16	20
ola-miR-133a-3p	279910	150194	287400	343959	222588	197175	164442	151923	320401	93	68	72	24	12	39	151	119	86	2289	6484	3561	3141	5160	2533	3581	2381	4065
ola-miR-133b-5p	1883	1001	808	1997	553	1569	558	242	672	0	0	0	0	0	0	0	0	0	0	0	1	0	1	0	0	0	2
ola-miR-133b-3p	43035	14255	38830	43037	37912	31341	21975	10389	22004	20	0	0	2	0	3	8	1	4	90	275	196	100	214	94	229	115	252
ola-miR-135a-1-5p	3972	1968	2884	2935	4440	7920	1904	926	6799	0	0	0	0	1	8	9	10	9	82	33	71	27	89	47	92	157	79
ola-miR-135a-1-3p	18	5	4	5	4	21	0	0	4	0	0	0	0	0	0	0	0	0	0	0	0	1	0	0	0	0	0
ola-miR-135a-2-5p	2824	1356	1739	2111	2874	5617	853	471	3951	1	4	4	0	0	347	71	68	36	14	32	38	13	67	10	65	67	49
ola-miR-135a-2-3p	0	0	2	0	3	4	1	0	5	0	0	0	0	0	0	0	0	0	0	0	0	0	0	0	0	0	0
ola-miR-135b-5p	531	322	392	372	637	851	198	91	564	12	1	1	0	0	0	13	12	10	10	30	20	20	28	25	105	69	148
ola-miR-135b-3p	63	44	49	53	95	124	36	21	77	580	390	383	2	0	0	6	5	2	1	0	0	1	2	1	14	7	1
ola-miR-135c-5p	67372	35328	37001	61687	53109	133310	28816	14187	90486	2254	2927	2503	282	59	485	4687	6348	3755	3466	6379	3427	3730	5679	3104	12291	7846	6111
ola-miR-137-1-5p	118	70	71	144	129	178	96	38	278	0	0	0	0	0	0	3	1	1	2	4	0	7	5	3	5	1	10
ola-miR-137-1-3p	4586	2103	3070	3225	2573	5725	1110	818	4384	0	0	0	0	0	0	71	32	41	93	132	61	104	251	50	282	150	445
ola-miR-137-2a-5p	36	18	29	29	62	63	31	19	54	0	0	0	0	0	0	0	0	0	0	1	0	1	0	0	0	0	0
ola-miR-137-2a-3p	2994	1383	2049	2218	1781	4230	618	480	2787	0	0	0	0	0	11	17	18	10	35	68	13	37	68	18	57	30	183
ola-miR-1388-5p	120	78	104	154	75	169	37	77	109	0	0	0	0	0	0	7	2	9	32	84	51	36	42	41	17	7	54
ola-miR-1388-3p	5778	2744	3064	5885	4683	8319	894	1665	4074	2254	1347	1306	567	148	574	1080	1128	765	1075	2154	930	814	849	772	318	343	849
ola-miR-138-5p	45179	17228	27529	39133	32136	62617	10592	8820	65965	171	63	44	27	13	74	97	76	78	299	551	361	406	520	241	1462	1231	1501
ola-miR-138a-3p	66	53	106	159	119	87	197	83	229	0	0	0	0	0	0	1	1	2	2	13	3	4	11	4	27	11	23
ola-miR-138bb-3p	117	9	48	42	109	149	62	9	10	38	21	0	0	0	0	0	1	0	2	3	4	4	5	0	25	13	26
ola-miR-139a-5p	10018	7018	9802	15557	9729	16697	8749	5592	22284	3220	2732	3513	551	281	940	1301	1275	664	3225	4232	2532	1946	3890	1582	1130	1287	998
ola-miR-139a-3p	771	466	449	810	628	1131	317	236	1142	134	113	97	29	14	40	31	22	18	48	106	58	51	106	37	17	22	23
ola-miR-140-5p	72340	17802	40990	50704	40122	102056	13583	7820	33209	72	109	54	31	30	162	1196	1373	862	2694	6316	3989	3203	5107	2233	1999	1973	1749
ola-miR-140-3p	8400	1993	4170	4295	6070	10104	2628	981	2347	134	16	3	6	1	38	63	43	39	231	534	361	206	340	245	172	130	166
ola-miR-142-5p	41	10	29	16	12	36	1	1	6	0	21	0	0	1	0	45	22	11	494	2325	1018	815	1055	442	235	205	542
ola-miR-142-3p	461	152	374	249	183	433	53	106	286	0	0	0	0	1	0	94	54	39	2678	14492	6188	5984	5417	2345	940	742	2510
ola-miR-143-5p	43	7	30	16	37	43	5	4	36	0	0	0	0	0	0	0	1	1	46	294	115	76	166	46	112	63	91
ola-miR-143-3p	126843	35815	80401	129643	85713	162493	18744	7569	53670	21939	11703	16819	658	447	2348	42517	33405	20081	86247	239067	97296	99905	193790	60716	108670	95952	116264
ola-miR-144-5p	48	29	46	58	19	50	19	17	74	1	0	0	0	0	0	2	13	18	99	838	326	113	409	135	76	103	94
ola-miR-144-3p	306	25	150	78	75	327	6	14	55	0	0	0	0	0	1	112	39	19	1413	10663	6139	1637	8492	2018	1578	1854	2093
ola-miR-145-5p	3066	1801	3080	2090	3430	3955	1613	1262	3887	178	271	52	128	141	192	685	460	441	15839	26578	12358	9656	24381	17256	14217	10688	18528
ola-miR-145-3p	119	56	97	95	67	131	20	28	87	0	0	0	0	0	0	11	8	11	144	408	200	238	367	158	210	146	169
ola-miR-146a-5p	5013	2817	5428	5280	3569	4772	2537	2263	13697	198	347	134	2	0	15	334	251	201	20697	35708	19583	12066	28965	11263	1479	1523	2738
ola-miR-146a-3p	2170	2433	2439	3396	1847	2530	1199	760	5001	129	30	126	5	4	9	98	82	59	1589	3373	1654	1074	2238	800	136	166	224
ola-miR-147-3p	9	0	4	3	0	3	0	2	0	0	0	0	0	0	0	1	0	0	37	69	106	28	51	19	14	9	17
ola-miR-148a-5p	49	18	47	21	25	55	10	10	13	0	0	0	0	0	8	5	1	3	39	68	51	26	57	26	32	22	43
ola-miR-148a-3p	345	172	456	232	216	329	85	100	243	0	0	0	1	11	21	50	49	28	279	629	719	261	652	338	342	219	491
ola-miR-150-5p	2409	2106	3447	5283	4176	6631	1098	1732	5535	690	586	670	106	89	150	84	58	36	707	3054	718	1369	1135	325	519	424	1642
ola-miR-150-3p	108	42	21	52	62	200	10	43	78	0	0	0	0	0	0	1	3	0	3	11	3	3	6	3	3	1	4
ola-miR-152a-3p	51	25	76	51	51	99	9	21	26	0	0	0	0	0	0	5	6	10	165	655	492	250	510	171	160	104	214
ola-miR-153a-5p	156	98	174	173	115	254	42	49	274	0	0	0	0	0	0	12	14	11	13	18	15	13	10	6	9	6	4
ola-miR-153a-3p	3869	482	5628	3495	1986	6745	607	189	1147	26	0	0	0	6	57	824	1153	510	1192	1777	2216	1312	1640	907	1116	782	1024
ola-miR-153c-5p	99	66	81	136	124	166	51	32	227	14	8	12	0	1	0	7	6	11	31	61	36	29	40	24	3	2	7
ola-miR-153c-3p	4693	2187	3234	3936	3069	5931	645	559	5948	0	58	20	0	9	0	226	351	183	1462	2041	1651	1056	2045	1340	247	197	353
ola-miR-155-5p	17	12	10	30	12	40	16	11	11	103	70	0	2	4	37	12	20	8	202	1171	186	929	141	137	54	58	70
ola-miR-15a-2-5p	9150	5173	6280	7930	5221	9865	2424	2634	10147	632	386	249	75	27	160	1229	1157	872	7576	16396	11614	7628	11744	7124	19515	12864	16530
ola-miR-15a-2-3p	17	0	9	5	0	27	1	0	1	0	2	28	0	0	4	17	10	12	10	37	16	5	7	8	95	45	14
ola-miR-15b-1-5p	5480	2478	3003	4130	2503	5707	1056	1342	4586	122	84	99	15	15	46	616	434	362	3505	7304	7295	4110	6786	2620	15688	9443	7948
ola-miR-15b-1-3p	75	57	68	147	41	109	34	75	159	47	37	34	15	0	0	33	23	21	41	118	68	82	67	30	202	133	84
ola-miR-15c-5p	14329	9361	10463	17910	10062	19149	6862	6158	24288	4381	3831	5616	476	269	944	3487	3271	1892	8508	15259	10797	9327	11878	5907	11139	8028	7893
ola-miR-15c-3p	44	17	30	34	29	73	7	22	25	0	0	0	0	3	0	3	3	1	19	51	36	22	32	17	27	19	11
ola-miR-16a-5p	8420	5850	12582	12711	8533	11434	5745	6424	15672	1796	1349	1517	401	224	1403	3517	3161	2396	11625	44480	18049	18020	22608	11155	26055	15176	33181
ola-miR-16a-3p	35	1	7	12	9	26	3	1	8	0	18	0	0	0	7	17	1	6	10	31	20	5	22	10	16	7	14
ola-miR-16c-5p	24614	17036	18160	18660	20882	34631	12225	10309	28177	3974	3295	3863	705	342	1566	3940	3165	2274	23364	37592	24745	18678	23943	18066	37804	28606	32116
ola-miR-16c-3p	10	7	11	17	5	34	2	3	5	0	0	0	0	0	0	7	4	7	16	30	5	10	17	7	28	17	23
ola-miR-1788-5p	1528	493	713	1523	673	2185	129	371	1304	0	19	11	0	0	0	1	1	1	7	12	15	8	3	7	12	4	102
ola-miR-1788-3p	683	71	299	450	108	524	15	21	90	0	0	0	0	0	0	0	1	0	3	8	23	7	6	2	22	11	142
ola-miR-17a-5p	4011	1538	3911	2329	3017	4332	1032	1312	4827	207	58	1	13	5	61	323	229	229	2028	4517	2960	2207	4037	1969	3618	2402	3766
ola-miR-17a-1-3p	34	13	43	11	30	37	13	17	20	0	0	0	0	0	0	2	2	3	15	58	30	24	38	6	28	30	32
ola-miR-17a-2-3p	22	9	27	13	13	19	12	7	19	0	0	0	0	0	0	4	0	1	12	49	67	23	55	14	28	34	19
ola-miR-181a-5p	470655	267052	225096	376215	353024	646159	144260	149622	507340	69547	46749	41143	3399	2894	32207	32538	37490	22285	51615	75589	58548	44986	57538	39468	17909	17778	18355
ola-miR-181a-1-3p	4733	2910	3037	6368	3062	6336	2367	1985	6667	4672	2979	6216	283	362	850	806	990	415	583	1202	682	763	941	326	303	274	221
ola-miR-181a-3-3p	97	17	27	82	32	69	22	12	31	11	14	46	3	3	5	11	16	12	12	13	7	5	4	6	5	5	1
ola-miR-181a-5-3p	3258	1548	1998	3669	2215	4070	963	651	3350	575	421	568	67	27	134	173	162	78	96	204	139	141	180	60	89	69	76
ola-miR-181b-1-5p	17573	11426	8738	18424	12901	22899	9946	6230	24840	474	92	274	28	21	80	152	104	105	328	587	440	314	460	254	152	116	173
ola-miR-181b-2-5p	132674	62752	51466	96206	81801	162407	35213	42623	125277	4158	4081	2188	771	512	5740	3745	3608	2715	12919	21410	15922	11518	15573	9005	2928	3150	2721
ola-miR-181b-2-3p	27	15	9	12	12	24	2	3	6	0	0	0	0	4	0	3	6	3	21	29	18	16	12	10	9	6	9
ola-miR-181b-3-3p	8	2	3	1	5	4	0	1	1	0	0	0	0	0	0	0	0	0	4	1	5	1	2	0	0	0	0
ola-miR-181c-5p	1024	451	571	852	813	1374	338	236	860	35	33	32	4	10	34	127	116	68	671	1006	758	556	744	435	239	255	242
ola-miR-181c-3p	363	146	135	269	292	608	129	63	258	253	119	167	2	0	9	17	18	7	7	25	10	10	10	4	1	5	4
ola-miR-182a-5p	9046	4999	6229	12061	6192	19695	4215	4378	20002	31	58	17	12	4	1382	44	44	48	21	31	39	16	69	22	234	375	227
ola-miR-182a-3p	1517	178	504	1140	742	2262	288	48	365	0	0	0	0	0	9	4	5	0	2	5	5	0	1	2	4	6	4
ola-miR-182b-5p	8981	4587	3150	6812	6066	18274	2699	2252	10248	39	24	19	3	1	278	14	12	8	115	266	426	72	215	137	395	335	249
ola-miR-182b-3p	594	39	145	328	288	736	88	17	75	0	0	0	0	0	0	0	1	1	2	8	20	7	9	3	19	12	13
ola-miR-183-5p	61364	29289	24861	52432	39071	127320	9254	15468	81839	212	101	141	8	1	924	72	73	53	174	413	578	58	305	168	530	562	349
ola-miR-183-3p	354	150	129	223	232	691	132	67	296	0	0	0	0	0	0	1	0	1	0	0	5	0	1	2	6	6	4
ola-miR-184-5p	194	95	183	221	172	276	136	163	313	0	10	0	0	0	0	0	0	0	1	0	14	3	2	2	1	3	3
ola-miR-184a-3p	18032	11845	10122	26940	13433	19645	3556	16160	46130	764	733	1465	21	2	16	130	34	41	262	182	833	113	174	175	148	110	247
ola-miR-184b-3p	43462	27680	14810	51893	28188	47986	5764	36531	90403	1518	1082	2631	27	2	31	248	77	93	369	369	1159	152	226	235	170	119	335
ola-miR-187-5p	21	6	17	13	25	26	8	23	70	0	0	0	0	0	0	0	0	0	154	280	49	262	519	130	19	15	28
ola-miR-187-3p	529	375	515	553	555	1802	327	185	2892	6	55	45	8	2	16	11	6	8	3554	4110	673	3969	7266	2066	335	291	258
ola-miR-18a-5p	5828	1124	2314	2880	1657	6124	707	578	1738	0	0	19	0	2	6	185	142	109	763	2086	1296	684	1286	594	2028	1321	1300
ola-miR-18a-3p	49	27	78	79	59	84	57	42	69	3	3	1	0	5	2	25	11	15	10	62	31	31	26	13	51	33	56
ola-miR-18c-5p	2719	508	1035	1669	943	2768	311	194	351	0	0	17	0	0	3	26	9	24	71	162	146	99	124	62	593	369	405
ola-miR-18c-3p	25	21	28	32	29	44	42	21	32	0	0	0	0	0	0	1	5	2	0	5	2	3	0	1	9	3	5
ola-miR-190a-5p	2167	1110	1844	1560	848	2255	390	523	2026	0	0	0	0	3	5	282	210	152	902	2122	1282	1153	1741	921	1688	1340	1116
ola-miR-190a-3p	66	27	68	25	26	71	8	12	32	0	0	0	0	0	0	13	9	11	37	165	92	77	138	58	123	74	148
ola-miR-190b-5p	891	473	602	863	475	1233	2991	325	1275	0	4	0	1	0	201	10	18	15	571	915	1026	498	650	613	28	24	59
ola-miR-190b-3p	0	0	0	0	0	0	0	0	0	0	0	0	0	0	0	0	0	0	0	2	0	0	1	0	0	0	0
ola-miR-191-5p	11665	4262	4191	9791	8382	15152	2404	5325	12094	10019	9366	12024	652	633	1693	1786	1323	990	8723	17091	8165	9224	8128	6405	1284	1219	2318
ola-miR-191-3p	104	33	22	57	32	93	9	38	67	0	13	23	0	0	0	5	3	5	57	141	57	99	48	58	13	8	17
ola-miR-192-5p	209268	94142	171903	246949	149733	308355	20475	41010	224806	72	86	142	87	8	127	234	337	162	401	2236	436	503	1030	374	913	1066	11688
ola-miR-192-3p	15749	8157	9162	17343	13066	22175	3238	7105	22471	32	66	0	86	15	11	2	2	6	5	30	7	2	13	5	19	7	204
ola-miR-193a-2-5p	426	378	242	297	420	369	255	183	633	243	130	22	5	94	13	37	35	20	120	182	125	111	119	88	31	34	52
ola-miR-193a-2-3p	466	70	162	194	172	428	53	19	53	0	0	0	0	0	0	49	21	12	354	1144	873	279	559	495	345	206	421
ola-miR-194a-5p	37669	26830	53504	87214	42062	60185	10585	21205	67484	101	85	80	123	17	79	53	68	55	178	1690	170	265	492	240	515	657	12778
ola-miR-194a-3p	2555	1325	1222	2821	1885	3805	367	646	3479	0	0	0	0	1	7	1	0	1	4	6	2	3	3	1	2	5	31
ola-miR-194b-5p	137	77	242	234	152	138	55	98	178	0	0	0	6	0	0	2	5	2	8	75	17	21	37	19	40	36	1212
ola-miR-194b-3p	177	163	126	257	218	294	74	56	414	0	0	0	0	0	0	0	0	0	0	1	2	0	1	2	0	1	14
ola-miR-196a-5p	27426	31048	28255	43649	21651	15827	21960	16489	45148	4353	2444	3301	3007	662	2100	1296	1389	935	1346	3701	1126	1214	2365	1067	958	918	2895
ola-miR-196a-1-3p	11	11	23	16	12	8	6	17	35	0	0	0	0	0	0	0	0	0	1	0	0	0	0	0	0	0	1
ola-miR-196a-2-3p	15	13	14	16	30	9	8	3	10	0	0	0	0	1	0	5	2	3	2	14	4	5	4	4	3	5	9
ola-miR-199-5p	82458	37550	65117	86944	50154	113014	19330	31346	88728	363	260	104	17	7	29	1104	702	590	7746	15282	11790	8398	15983	5494	7159	7056	8073
ola-miR-199-3p	158931	97646	126575	186157	118788	231529	6450	47120	188447	18286	12493	13495	2480	657	6364	16780	13463	7998	28288	47695	29805	20613	38325	20588	12027	10612	13567
ola-miR-19a-1-5p	121	42	97	64	41	132	10	14	40	0	0	0	2	0	0	3	2	2	19	117	39	31	46	14	59	28	56
ola-miR-19a-1-3p	323	175	368	213	163	322	50	80	214	0	0	0	0	0	1	37	12	19	265	582	562	258	617	250	346	279	384
ola-miR-19a-2-5p	2	2	5	2	3	1	0	1	7	0	0	0	0	0	0	0	0	0	5	20	11	8	13	2	11	7	7
ola-miR-19a-2-3p	1434	664	1765	1097	823	1484	373	427	1403	0	0	0	0	0	0	151	65	66	870	2861	1964	1657	2821	901	1700	934	1424
ola-miR-19b-1-5p	33	12	35	16	12	37	6	8	14	0	0	0	0	0	0	7	5	6	14	93	71	50	59	20	63	38	55
ola-miR-19b-3p	18758	9610	16402	16192	11459	24170	3448	3775	17090	45	86	2	31	4	139	2710	2459	2415	11799	17646	15846	9785	15719	10861	12928	9906	10213
ola-miR-19b-2-5p	26	24	33	28	13	42	14	8	37	0	0	22	0	0	0	9	11	11	23	26	17	25	23	19	33	21	18
ola-miR-19c-5p	39	22	29	44	31	37	16	23	35	0	0	0	0	0	0	2	2	2	1	3	2	5	0	2	1	6	1
ola-miR-19c-3p	0	0	0	0	0	0	0	0	0	0	0	0	0	0	0	0	0	0	0	0	0	0	0	0	0	0	0
ola-miR-19da-5p	233	154	136	275	186	416	79	100	246	41	15	36	0	0	6	2	5	3	23	44	38	35	43	25	29	15	25
ola-miR-19da-3p	3532	2123	3081	3281	2641	4968	1563	1172	4539	50	0	48	5	0	13	361	270	228	2066	3974	3026	1821	3069	2078	2253	1734	1954
ola-miR-200a-5p	124	35	71	53	47	112	7	59	30	0	0	0	0	0	0	2	0	0	9	15	25	10	15	5	4	2	14
ola-miR-200a-3p	366902	136666	148874	220743	178845	478497	27774	53111	182040	576	259	210	49	9	69	2542	1796	1477	8186	12856	13718	7805	12181	6861	2690	2017	10153
ola-miR-200b-5p	446	308	401	309	497	775	175	283	647	0	0	25	0	0	0	4	4	7	17	39	37	17	33	13	2	2	39
ola-miR-200b-3p	35766	20321	14732	26681	24632	54729	9541	10987	40342	727	514	333	57	33	68	913	770	593	2879	3701	3409	2379	3446	2150	646	493	2509
ola-miR-202-5p	3472	1773	542	2677	1709	3618	393	309	1525	9796	5423	4894	529	215	1746	74035	68527	38418	495036	848447	551223	0	0	0	0	0	0
ola-miR-202-3p	37	13	1	9	12	30	1	5	20	443	467	449	105	66	286	431	206	211	2013	1319	1840	1005	2439	1495	1697	1499	1327
ola-miR-203b-5p	21554	6841	5781	8734	6499	21075	1763	3569	13663	122	43	53	3	0	4	35	19	19	244	147	653	95	147	118	130	85	118
ola-miR-203b-3p	638581	362246	320418	452747	366669	707703	154925	279259	766245	1402	1468	964	5	6	26	694	388	302	5236	4447	19476	3071	4637	2596	3449	1598	3752
ola-miR-204-5p	150728	126094	131517	264997	132966	218257	150420	79270	294445	0	0	0	14431	8923	33785	35794	30725	16289	20240	59724	18067	22307	43009	18290	45328	35517	41329
ola-miR-204-2b-3p	162	115	164	164	170	205	123	108	158	33	89	52	14	0	0	3	4	3	17	51	28	20	39	9	19	24	29
ola-miR-205-5p	59661	43611	52823	58227	47767	61301	37655	53771	94190	2135	1073	516	3	0	7	159	87	80	1194	1073	4551	471	1136	940	1198	548	1691
ola-miR-205-1a-3p	584	408	311	580	324	721	207	279	1005	24	24	0	2	0	0	2	1	0	18	10	39	4	8	12	7	2	12
ola-miR-205-1b-3p	306	254	117	349	166	331	93	139	403	93	16	54	1	1	0	3	2	1	20	6	40	2	7	13	11	1	9
ola-miR-206-1-5p	82	47	68	82	56	65	83	79	72	0	0	0	0	0	0	0	0	0	0	0	0	0	0	0	0	1	2
ola-miR-206-1-3p	360102	360184	260314	373700	278235	285582	172027	187023	367235	538	322	376	234	70	94	358	104	167	13	46	346	18	45	21	87	44	206
ola-miR-20a-5p	10174	3436	5971	6709	4411	10452	1591	2099	6673	201	93	14	47	2	35	797	624	512	3601	6195	3799	3326	5191	2933	6551	5503	5636
ola-miR-20a-1-3p	274	161	235	223	118	257	55	57	250	0	11	0	0	0	0	40	38	24	144	275	220	135	198	113	163	106	139
ola-miR-20a-2-3p	77	48	62	83	43	87	26	20	84	0	0	0	1	0	0	8	11	3	43	80	58	50	63	45	71	52	67
ola-miR-20b-5p	295	90	243	74	651	424	123	61	71	0	0	0	0	0	0	5	1	5	10	48	20	20	27	20	108	50	90
ola-miR-20b-3p	10	0	12	2	1	7	4	4	2	0	0	0	0	0	0	0	0	0	1	2	0	0	4	1	4	3	2
ola-miR-210-5p	13001	7483	6228	9541	10035	20942	3826	609	10320	5164	3679	5337	474	247	802	3955	3800	710	5056	11249	6764	5859	6386	4788	6666	5639	6197
ola-miR-210-3p	907	239	548	635	369	873	194	173	376	152	13	36	3	3	22	162	114	77	577	1551	953	790	1092	582	722	560	724
ola-miR-212a-5p	1766	1732	1226	3320	5841	3104	815	608	3621	0	0	0	0	4	1	0	1	2	13	22	2	29	52	12	12	5	10
ola-miR-212-3p	4390	1183	1715	3559	1923	4922	759	399	2477	0	0	0	0	0	0	9	2	5	53	55	16	33	157	29	39	52	54
ola-miR-212b-5p	1637	1251	1428	856	6236	2278	832	636	3119	0	0	0	0	0	0	0	0	0	2	8	4	9	20	9	33	10	18
ola-miR-214a-5p	680	207	307	418	266	689	56	70	224	0	0	0	3	0	0	15	21	6	93	241	129	94	191	75	76	48	74
ola-miR-214-3p	31542	20958	66117	30000	42094	34460	29113	35872	2493	14252	6930	3574	500	516	1155	2112	1558	1350	6886	23370	11658	9857	18480	6001	2889	2439	5958
ola-miR-214b-5p	9197	4529	5823	7301	5231	9784	2004	2330	8154	85	63	112	18	8	33	381	375	306	1158	1908	1160	1019	1628	889	840	634	871
ola-miR-216a-5p	2804	806	2181	1405	1250	2185	284	273	1301	0	0	0	6	2	3	59	54	48	428	1062	871	586	1222	959	1621	606	2249
ola-miR-216a-1-3p	92	49	39	47	51	162	28	16	69	0	0	0	0	0	7	0	3	0	0	0	0	0	0	1	4	1	4
ola-miR-216a-2-3p	212	17	53	191	81	263	26	7	32	39	8	0	0	6	0	22	31	14	6	18	20	5	9	9	32	24	25
ola-miR-216b-5p	389	219	594	272	466	411	120	137	570	34	20	0	2	12	5	49	52	54	73	203	135	144	244	101	334	116	561
ola-miR-216b-1-3p	3	3	0	4	4	0	0	0	0	0	0	0	0	0	0	0	0	0	0	0	0	0	0	0	0	0	0
ola-miR-217a-5p	409	316	802	276	704	613	283	255	738	0	0	0	0	0	1	13	19	10	20	46	33	20	54	25	69	52	147
ola-miR-217a-3p	10	7	25	29	24	14	18	7	24	0	0	0	0	0	0	0	1	1	0	1	0	0	0	0	4	3	5
ola-miR-2184-5p	777	280	574	530	344	659	76	97	485	0	0	0	0	0	0	14	5	6	1755	2179	1602	1066	1740	780	562	670	628
ola-miR-2184-3p	5	0	0	1	1	0	0	0	0	0	0	0	0	0	0	0	0	0	1	1	3	0	3	1	1	2	0
ola-miR-2187a-5p	556	290	245	341	338	899	97	94	494	22	6	8	5	0	8	34	38	25	52	65	67	31	55	27	68	65	70
ola-miR-2187a-3p	381	88	150	187	172	444	48	46	227	26	0	0	0	0	0	10	10	5	41	53	62	47	56	26	102	70	101
ola-miR-2188-5p	47413	17284	20297	37312	32043	65085	12090	5943	29667	2047	1370	1033	63	106	271	1357	1062	794	10462	40079	29858	7638	33768	10842	5590	8262	5259
ola-miR-2188-3p	1333	762	1702	2518	962	2589	671	639	2987	354	179	180	13	23	49	158	180	99	392	1586	1122	452	1550	437	249	290	216
ola-miR-218a-5p	65159	35686	46205	67628	63425	85104	21241	16630	77555	4384	2509	2577	582	142	1356	4444	5187	3219	2190	5189	2838	2406	3615	1974	4843	5121	3832
ola-miR-218a-1-3p	60	25	18	79	40	59	10	7	54	0	0	18	0	0	0	2	1	1	0	0	1	0	0	0	0	0	0
ola-miR-218b-5p	56970	33874	43737	58076	43619	64457	16494	9751	48403	95	9	31	3	1	12	139	154	73	86	190	107	111	142	70	236	172	179
ola-miR-219-5p	1882	450	1319	1640	630	1511	232	188	1038	0	0	0	0	0	0	0	1	0	4	22	6	3	11	2	32	20	31
ola-miR-219-1-3p	319	260	353	341	231	431	101	133	501	0	0	0	0	0	0	0	0	0	0	0	0	0	0	0	0	1	0
ola-miR-219-3-3p	1035	584	714	940	890	1248	524	382	1792	0	0	0	0	0	0	0	0	0	0	0	0	0	0	0	0	0	0
ola-miR-219-4-3p	66	63	70	82	87	148	65	56	162	0	0	0	0	0	0	0	0	0	0	0	2	0	0	0	1	0	0
ola-miR-21-5p	199479	147714	195829	305464	199808	316430	116936	111835	481030	13004	8023	7147	1338	720	3030	7633	4784	3952	1373	4697	3890	432174	497621	284352	57169	63561	67790
ola-miR-21a-3p	540	30	353	498	179	497	38	4	25	0	0	0	0	0	0	183	108	69	2437	7763	5505	1873	4465	1775	598	498	701
ola-miR-21b-3p	249	111	127	174	134	329	24	32	226	0	38	0	6	8	20	20	17	5	1086	2081	2031	1181	1212	993	85	67	52
ola-miR-221a-5p	343	218	301	433	299	563	133	104	790	35	0	12	0	0	0	28	11	11	107	270	194	122	138	103	90	69	59
ola-miR-221-3p	10073	7060	10430	8912	8789	12825	6328	5250	14393	450	124	272	24	37	73	258	234	198	3061	5558	4791	2888	3510	3047	3386	3176	2350
ola-miR-221b-5p	3	0	3	4	4	3	1	0	6	0	0	0	0	0	0	1	1	2	1	4	3	1	1	0	8	4	7
ola-miR-222a-5p	156	101	168	242	79	211	19	45	258	79	20	94	20	10	24	64	87	48	132	361	203	136	150	144	157	150	138
ola-miR-222a-3p	67742	36874	54289	91909	53642	105616	28249	28776	128441	9337	3705	10918	274	247	353	784	481	507	6065	18440	10873	9581	11147	4900	7893	7962	6474
ola-miR-222c-5p	277	190	251	317	171	370	84	101	326	389	98	147	45	42	49	121	151	114	185	282	160	117	175	215	208	168	154
ola-miR-222c-3p	61897	33463	46615	78003	48512	97139	24429	24284	108128	8792	3562	10387	262	220	322	743	470	473	5463	16153	9671	8341	9829	4429	7316	7282	5998
ola-miR-223-5p	347	241	369	363	239	407	152	190	771	21	33	18	10	40	69	57	55	40	1171	2474	1647	1326	1793	833	49	60	118
ola-miR-223-3p	1504	983	1349	1692	1412	2316	844	716	1968	327	116	109	69	89	251	641	553	437	19756	27708	24682	11732	21295	14301	1078	1583	1449
ola-miR-22a-1-5p	204	101	175	110	183	181	82	79	146	0	17	0	3	0	3	14	8	16	78	202	77	110	94	100	125	78	105
ola-miR-22a-1-3p	101042	56773	139835	192259	84003	127358	46926	40446	175315	1358	803	654	285	265	757	2428	2172	1575	34138	71922	61639	40034	97480	20636	41568	27966	30120
ola-miR-22a-2-5p	49	15	33	36	28	35	18	10	21	0	0	0	0	0	0	2	2	1	19	59	28	30	27	23	14	19	21
ola-miR-22a-2-3p	15663	5779	22774	32839	14491	19654	8853	3899	12441	255	105	107	97	68	183	390	411	280	3703	8043	8624	5752	11355	1930	3853	2160	2150
ola-miR-22b-5p	809	585	430	979	642	1089	328	285	1257	44	26	21	23	6	29	45	50	33	54	119	71	108	123	65	104	88	52
ola-miR-22b-3p	7250	3860	5797	7617	4742	8556	1863	2739	9015	159	114	102	47	42	307	324	238	200	1756	3014	2790	2388	3308	1398	3787	3076	2264
ola-miR-23a-1-5p	538	241	309	550	295	588	176	123	824	0	9	33	1	1	1	7	2	2	7	47	19	24	34	3	2	8	8
ola-miR-23a-3p	50926	32354	29021	40349	48054	71369	19385	11798	40992	9717	6633	8550	868	410	2980	6081	5884	3905	19452	41904	20921	16297	28618	14427	7141	7098	8841
ola-miR-23a-2-5p	179	111	127	161	80	155	26	59	175	0	0	0	0	0	0	2	2	1	18	55	27	20	38	14	7	6	13
ola-miR-23a-3-5p	352	208	199	334	212	371	133	145	536	0	11	0	0	0	1	15	4	7	31	95	90	80	87	22	22	15	18
ola-miR-23b-2-5p	606	358	295	730	358	742	196	106	1001	0	15	31	0	3	0	1	1	2	5	14	13	17	17	3	2	7	3
ola-miR-23b-2-3p	18146	11344	13907	22743	14907	23727	11145	6877	20692	1871	1332	1292	225	133	817	1332	1043	808	3402	7153	4016	3004	4686	2266	1446	1211	1775
ola-miR-24a-2-5p	1304	352	435	802	644	1424	152	161	738	0	61	32	3	2	0	29	36	23	158	430	168	158	285	114	127	119	136
ola-miR-24a-2-3p	55160	27869	36350	41375	60237	66283	16387	15605	63103	2430	1031	744	88	244	486	866	1097	723	8074	24226	11353	10189	20018	7572	5530	4919	6978
ola-miR-24a-3-5p	84	47	78	52	58	79	16	17	68	0	0	0	0	0	0	4	1	2	9	40	23	23	46	14	15	3	22
ola-miR-24a-4b-5p	0	0	0	0	0	0	0	0	0	0	0	0	0	0	0	0	0	0	0	0	0	0	0	0	0	0	0
ola-miR-24a-4b-3p	0	0	0	0	0	0	0	0	0	0	0	0	0	0	0	0	0	0	0	0	0	0	0	0	0	0	0
ola-miR-24-6-5p	104	34	62	49	32	95	15	23	49	0	0	1	0	0	0	8	2	5	52	130	87	59	97	31	43	22	50
ola-miR-24-6-3p	10350	3445	5619	7942	7785	11479	1862	1995	11812	492	297	87	50	15	144	445	872	353	1467	4999	2333	1992	3438	1423	1277	1005	1347
ola-miR-25a-5p	295	233	104	278	158	446	124	131	296	0	0	31	27	0	4	14	16	9	30	51	54	40	69	20	61	43	32
ola-miR-25a-3p	7591	5232	5163	8026	5702	9231	3396	3185	9257	3741	2427	2582	935	493	2142	2228	2202	1437	4540	8293	5280	3765	5966	4643	5404	4040	4718
ola-miR-26a-1a-5p	19620	14622	12634	25228	12461	0	6357	5433	14905	60	70	44	9	5	21	77	86	41	1468	2152	1231	1183	1797	1075	1317	1185	1275
ola-miR-26a-1a-3p	10	15	9	19	11	7	4	8	3	0	0	0	0	0	0	0	0	0	0	1	0	0	0	0	0	1	0
ola-miR-26a-1b-5p	43885	21277	24823	34504	23856	783	8672	8873	37126	1347	662	575	152	44	1466	3912	3750	2101	26339	40016	23286	20535	34177	21327	17667	18874	17276
ola-miR-26a-1b-3p	657	496	288	789	467	869	171	196	824	128	135	170	28	2	42	123	134	72	132	336	140	122	216	129	93	71	53
ola-miR-26a-2/3-ba-5p	576537	395076	327450	576167	476693	0	242968	168277	797031	66314	46119	48420	4954	2261	23384	39094	41844	23156	102950	148047	76477	86117	128054	76454	82011	89706	89152
ola-miR-26a-2-3p	9	7	17	23	11	21	13	9	40	0	0	0	0	0	0	2	2	0	7	18	6	2	10	2	12	8	7
ola-miR-26a-3-3p	11	9	11	15	12	4	7	9	26	0	0	0	0	0	0	3	3	3	1	2	1	3	4	0	1	1	0
ola-miR-26ba-3p	143	135	155	193	135	220	142	56	370	32	0	0	0	0	1	15	12	4	21	40	18	18	48	17	24	10	20
ola-miR-27a-5p	109	39	43	92	65	112	20	49	111	0	0	0	0	0	0	1	11	6	13	4	26	15	23	14	7	5	12
ola-miR-27a-3p	6774	568	4189	8201	3199	8162	967	394	1476	574	299	438	76	39	446	3119	3617	1916	4993	13806	9185	5248	9426	3890	2962	3025	3073
ola-miR-27b-5p	805	466	720	1308	703	1059	395	444	1693	65	22	56	10	2	30	36	15	17	141	383	206	216	245	133	40	58	62
ola-miR-27b-3p	24439	11112	16044	20965	15951	31941	5830	5181	18165	6564	3802	4510	655	250	1577	3502	3906	2173	3610	7536	4411	3434	5120	2425	2019	1837	2671
ola-miR-27c-5p	2543	872	667	1782	1111	2743	234	482	3187	149	179	333	0	5	43	29	12	17	98	189	120	84	201	77	35	37	47
ola-miR-27c-3p	14517	4967	10435	15282	7016	17091	1731	2014	9278	596	235	433	132	17	265	2417	2607	1563	9876	22898	12265	9296	16513	8468	5872	6521	7399
ola-miR-27d-3p	86	78	100	113	105	124	13	19	22	8	10	14	1	2	3	19	17	9	8	29	12	15	27	4	21	11	14
ola-miR-27e-1-5p	35	9	20	22	20	32	10	6	17	0	0	0	0	0	0	0	1	0	3	24	7	8	13	6	2	1	6
ola-miR-27e-3p	60350	30019	26713	43001	43307	89700	11201	8764	45909	12656	8555	12847	1044	563	2664	4385	4970	2033	7007	12978	6794	5230	11044	3686	2586	2166	3275
ola-miR-27e-2-5p	29	31	24	44	28	73	6	17	72	0	0	0	0	0	0	0	7	5	1	5	5	4	6	1	0	1	0
ola-miR-29a-1-5p	5	21	8	13	12	27	10	4	26	0	0	0	7	0	16	48	71	57	55	80	75	66	100	59	6	5	5
ola-miR-29a-3p	6061	2382	3323	2618	4631	10182	1113	829	4223	22	23	15	14	3	66	756	553	461	4293	7618	6929	3737	7084	3729	2447	2109	2766
ola-miR-29a-3a-5p	21	22	15	36	26	41	9	18	50	0	0	0	0	0	0	3	1	4	8	19	14	3	19	6	12	21	10
ola-miR-29a-3b-5p	189	178	187	228	260	298	155	58	230	59	14	0	6	6	0	14	20	8	38	94	44	40	64	23	37	50	45
ola-miR-29b-1a-5p	156	123	98	223	123	197	51	68	367	93	64	29	0	0	6	1	0	1	3	28	19	6	12	9	2	7	7
ola-miR-29b-1a-3p	304	143	302	226	270	440	97	55	375	2	0	2	38	21	55	542	797	442	1603	2672	2775	1784	2616	1724	450	363	654
ola-miR-29b-1b-5p	135	126	144	140	236	196	77	44	424	1	61	0	0	0	0	6	1	3	20	85	29	10	42	28	20	22	24
ola-miR-29b-1b-3p	228	115	186	185	220	463	75	33	215	3	1	0	5	0	3	119	61	66	401	1006	674	427	861	343	379	317	427
ola-miR-29b-2a-5p	50	13	14	62	22	69	21	2	64	0	0	0	47	12	96	46	40	31	30	53	49	33	45	28	0	0	4
ola-miR-29b-2b-5p	13	6	5	7	7	12	1	0	4	0	0	0	0	0	0	0	0	0	12	24	15	10	8	8	1	0	3
ola-miR-29b-2b-3p	884	308	834	685	475	1264	167	157	793	0	0	0	0	0	0	1	6	4	731	1709	1547	679	1292	639	116	103	273
ola-miR-301a-5p	20	7	32	21	24	39	5	5	29	0	0	0	0	0	0	1	3	0	8	27	17	14	15	12	21	16	16
ola-miR-301a-3p	2990	1170	1902	2297	447	3132	261	382	1881	0	21	1	4	3	19	484	365	366	1901	3139	2396	1566	2499	1589	3278	2785	2191
ola-miR-301c-5p	1016	371	439	836	502	1054	153	81	528	0	0	0	0	0	2	9	8	3	5	10	12	8	17	7	4	6	8
ola-miR-301c-3p	5197	1811	2920	3647	764	4913	429	674	2986	21	1	1	0	0	23	128	118	96	281	470	367	240	369	244	193	185	177
ola-miR-30a-5p	25110	14894	16104	16501	23850	26806	5639	10180	24648	2220	1483	679	144	132	497	1240	1037	968	5778	12404	7332	7452	12581	5380	7330	6649	9867
ola-miR-30a-3p	0	0	0	0	0	0	0	0	0	0	0	0	0	0	0	0	0	0	0	0	0	0	0	0	0	0	0
ola-miR-30bb-5p	3725	2293	3056	3099	3114	4172	1664	1509	3880	69	39	44	3	19	114	211	162	135	2149	5640	3047	1907	4248	2855	2926	2057	3445
ola-miR-30bb-3p	657	304	420	686	426	858	119	115	652	0	0	9	2	0	0	37	29	25	144	353	173	218	305	123	175	176	145
ola-miR-30c-1-5p	1225	953	2802	1999	2852	2087	873	2273	3677	271	99	171	61	93	148	335	378	318	1012	2690	1594	1082	1636	1269	1822	1229	1963
ola-miR-30c-1-3p	921	570	669	1784	736	1442	590	655	2840	243	29	149	18	4	13	61	54	33	90	199	108	132	104	89	36	40	35
ola-miR-30c-2-5p	1239	983	1791	1251	1692	1715	762	1195	1769	386	174	115	94	103	206	358	340	362	2024	4279	3304	1394	2872	3260	2788	1992	3862
ola-miR-30c-2-3p	103	49	34	147	80	122	16	43	179	61	12	0	0	3	0	9	4	0	10	14	19	18	14	14	17	11	19
ola-miR-30e-5p	3942	1267	3959	2151	1835	3443	600	1192	2388	11	8	8	2	1	61	307	146	174	1742	8521	4130	3473	4676	2475	6529	3843	9812
ola-miR-30e-1-3p	247	119	151	290	200	309	117	80	318	280	120	153	53	42	151	157	212	111	252	381	291	139	263	366	276	228	279
ola-miR-30e-2-3p	1095	725	946	1516	953	1543	841	567	1907	2158	1511	952	860	908	1459	559	723	489	1198	1936	1138	862	1099	1367	1167	1078	1014
ola-miR-31a-5p	1268	430	452	927	628	1398	236	395	1861	8161	5640	10799	24	23	30	121	49	40	5816	15636	10018	7846	2515	15292	130	96	112
ola-miR-31a-3p	136	31	69	105	104	187	19	23	128	801	284	530	0	1	0	18	10	15	680	2845	1853	1152	457	2093	26	15	36
ola-miR-338-1a-5p	79	33	85	116	46	96	31	16	102	0	0	0	0	0	7	1	5	7	4	17	14	9	14	2	2	5	7
ola-miR-338-3p	6669	3375	4711	5423	3931	6898	1791	1060	5769	23	2	6	0	0	2	128	96	52	746	1642	1494	1028	1773	720	1782	871	1077
ola-miR-338-1b-5p	204	91	104	219	170	266	78	76	246	0	0	0	0	0	0	1	3	2	3	17	8	14	8	3	30	10	17
ola-miR-338-2-5p	4	4	8	0	0	1	5	1	3	0	0	0	0	0	0	3	0	0	4	19	8	12	14	3	5	2	9
ola-miR-33a-3p	25	2	11	30	12	43	3	1	6	0	0	0	0	0	0	0	1	0	6	8	5	2	6	2	9	3	3
ola-miR-33-5p	2475	129	982	1569	519	2389	73	44	132	0	1	1	3	0	13	594	369	214	2353	7250	5459	2520	5733	1524	5637	3693	2987
ola-miR-33ba-3p	13	6	0	0	0	6	1	1	6	0	0	0	0	0	0	0	0	0	3	5	10	3	7	3	11	3	5
ola-miR-34a-5p	43064	25089	37274	51115	34181	64780	9667	9786	55769	404	374	376	267	152	700	1179	1078	756	1355	3347	1622	1633	1769	1161	1975	2000	1468
ola-miR-3618-5p	1	2	3	0	0	6	0	0	2	0	0	0	0	0	0	0	0	0	2	1	1	2	2	0	1	4	2
ola-miR-365-2b-5p	411	347	136	590	327	329	121	223	579	37	0	100	0	3	0	1	0	1	13	22	31	21	14	4	2	3	1
ola-miR-365-2b-3p	123	111	198	57	147	98	113	90	125	99	42	65	14	82	17	125	63	75	62	226	137	58	86	141	40	33	67
ola-miR-375a-3p	25549	15793	15334	26402	17978	39635	7250	8648	41200	7831	4690	4493	391	184	529	612	416	337	784	2409	1501	1346	1355	848	180	130	788
ola-miR-425-5p	1315	818	1050	1664	968	2152	727	1048	2070	1388	1687	1437	385	332	536	979	873	684	5947	9303	4578	5553	4401	3590	782	710	1332
ola-miR-425-3p	85	26	38	85	47	164	16	20	55	123	73	5	10	11	5	61	25	30	420	879	529	347	419	264	64	75	100
ola-miR-429a-5p	2	0	0	1	0	0	0	0	0	0	0	0	0	0	0	0	0	0	0	0	0	0	0	0	0	1	0
ola-miR-429a-3p	98989	52132	53515	92641	66853	162282	21468	34871	103044	3927	3801	3510	1843	585	3127	4876	4519	3371	2839	6911	4569	3417	5368	2732	721	553	2815
ola-miR-430a-1-3p	518	141	182	252	256	673	90	89	282	28	45	36	55	11	259	173	112	97	41	65	474	24	41	32	50	69	56
ola-miR-430a-2/3-3p	10	0	2	10	0	6	1	0	7	0	0	0	0	0	0	0	0	0	0	3	5	1	2	0	4	0	4
ola-miR-430a-4-3p	95	45	42	76	53	157	24	32	85	0	0	0	17	7	67	114	71	61	58	85	462	35	52	45	212	223	199
ola-miR-430b-1-3p	294	81	100	138	180	403	72	70	228	123	95	72	71	29	457	265	213	150	62	102	569	29	67	47	212	242	201
ola-miR-430b-2-3p	4	0	0	0	0	4	0	0	2	0	0	0	0	0	0	0	1	1	0	0	2	0	0	0	0	1	0
ola-miR-430c-3p	707	293	366	594	479	1048	333	377	957	217	94	119	115	46	607	850	662	493	692	1116	3008	380	865	558	1883	1859	1687
ola-miR-430-d-3-5p	0	0	0	0	0	0	0	0	0	0	0	0	0	0	0	0	0	0	0	0	0	0	0	0	0	0	0
ola-miR-430-d-2-5p	0	0	0	0	0	0	0	0	0	0	0	0	0	0	0	0	0	0	0	0	0	0	0	0	0	0	0
ola-miR-430d-2-11-3p	8	2	1	0	0	2	0	3	7	0	0	0	0	0	0	1	0	0	0	2	1	1	0	0	0	2	4
ola-miR-430d-2-3p	81	50	62	114	62	116	76	50	113	0	0	6	6	0	13	12	3	8	10	11	169	4	8	4	91	82	115
ola-miR-430d-2-17-3p	2	0	2	1	0	0	0	0	2	0	0	0	0	0	0	0	0	0	0	0	0	0	0	1	0	0	1
ola-miR-449-1-5p	894	416	477	799	614	1107	167	42	1314	0	0	0	0	0	0	0	0	1	2	5	2	2	0	5	577	542	445
ola-miR-449-1-3p	44	15	23	97	40	49	19	1	62	19	59	107	0	0	0	0	0	0	0	0	0	0	0	0	32	35	15
ola-miR-449-2-5p	47	15	29	25	15	40	7	0	40	0	0	0	0	0	0	0	0	0	0	0	0	0	0	1	48	53	36
ola-miR-451-5p	154387	58172	49722	70111	77717	220719	15448	23775	81382	4070	3373	3489	1707	1525	2732	16276	8986	8122	137785	396227	225472	75800	317825	144336	55582	88487	54813
ola-miR-454b-5p	34	34	54	148	48	57	57	40	141	30	0	0	7	0	0	2	1	2	0	4	1	2	1	1	3	4	6
ola-miR-454b-3p	3921	2274	2746	1865	2097	4110	1585	1222	4227	0	21	0	0	0	14	79	42	32	214	476	286	217	324	227	237	194	229
ola-miR-455-5p	31020	14665	18041	28171	21769	45748	10079	8268	36981	521	333	299	41	28	163	881	758	584	2169	4115	2346	2268	3462	1709	1151	939	1371
ola-miR-455-3p	2711	1010	1814	3103	1990	4123	1286	774	3007	2652	1077	1547	109	66	246	699	651	398	1224	1544	1197	618	1130	1074	373	351	540
ola-miR-456-3p	20355	9917	8321	17351	15812	32039	2321	4334	20635	794	723	1086	84	65	298	473	616	340	954	1831	816	803	1140	748	655	523	533
ola-miR-457a-5p	6259	3715	4124	5648	4106	8195	2375	2036	7336	1123	301	419	21	10	49	999	1274	673	4168	9716	6298	4764	8129	3529	9859	6354	7074
ola-miR-458-3p	588	314	476	362	550	610	181	138	491	0	0	0	0	0	0	6	18	10	63	114	85	58	118	84	89	63	177
ola-miR-459-5p	11357	1519	4758	7593	2589	10737	225	464	2178	0	0	0	0	0	0	1	3	0	31	322	37	30	110	52	64	137	82
ola-miR-459-3p	0	0	0	0	0	0	0	0	0	0	0	0	0	0	0	0	0	0	0	0	0	0	0	0	0	0	0
ola-miR-460-5p	199	47	214	152	119	221	57	48	94	0	0	0	0	0	0	0	1	0	3	6	23	1	6	0	18	6	21
ola-miR-460-3p	12	1	18	20	4	16	3	5	8	0	0	0	0	0	0	0	0	0	1	2	1	0	1	2	1	1	2
ola-miR-489-5p	96	44	73	75	44	136	19	6	93	0	0	0	1	0	0	14	15	20	43	127	65	32	81	36	11	5	16
ola-miR-489-3p	1310	625	797	1181	1064	1907	541	440	1898	0	25	0	0	0	0	17	23	22	96	391	249	148	266	80	17	21	44
ola-miR-499a-5p	174187	100026	84703	124593	99006	238559	27907	33539	125185	160	119	150	39	7	109	2251	2263	1182	2595	3477	2527	1647	2914	2051	233	200	256
ola-miR-499a-3p	750	313	341	334	276	784	60	100	303	0	0	0	0	0	0	1	0	2	7	7	11	3	8	4	3	1	0
ola-miR-7132a-5p	1623	613	739	1586	1058	2518	282	367	878	157	88	76	2	5	20	77	54	39	283	1108	312	382	242	104	145	109	243
ola-miR-7132a-3p	5	0	4	5	4	16	1	2	1	0	0	0	0	0	0	2	0	0	3	3	2	0	0	2	3	1	2
ola-miR-7132b-5p	4933	1651	2748	4289	2738	6577	910	925	2478	141	284	252	10	11	50	321	244	149	1504	8750	3022	2417	1712	706	367	333	494
ola-miR-7132b-3p	1278	619	418	712	686	1702	145	252	931	26	0	17	0	1	2	41	32	20	642	1288	775	519	389	290	43	53	88
ola-miR-7133-5p	4	1	0	0	3	0	0	0	0	0	0	0	0	0	0	2	0	1	0	0	4	3	1	0	2	0	2
ola-miR-7133-1-3p	15	8	7	4	5	7	0	1	4	22	0	0	0	0	0	0	0	1	6	9	14	1	5	3	7	9	8
ola-miR-7133-2-3p	17	27	12	30	14	13	9	12	25	0	0	0	0	0	0	4	3	6	72	37	54	29	51	35	13	19	28
ola-miR-722b-5p	234	112	95	153	204	393	32	29	127	0	14	0	0	7	0	22	24	18	62	165	92	73	78	46	21	42	25
ola-miR-722b-3p	714	452	553	688	517	1125	193	157	959	59	12	0	2	7	5	122	105	74	865	1366	916	683	794	830	290	372	310
ola-miR-723a-5p	306	134	208	259	142	544	64	51	457	0	0	0	0	0	0	6	7	3	3	3	2	5	7	2	30	30	17
ola-miR-723a-3p	4	0	3	4	0	8	0	0	0	0	0	0	0	0	0	1	1	0	0	0	1	0	2	3	23	19	17
ola-miR-723b-5p	9	11	14	30	2	12	10	2	34	0	0	0	0	0	0	0	0	0	0	0	0	0	0	0	0	0	0
ola-miR-723b-3p	11	4	6	5	11	10	0	0	1	0	0	0	0	0	0	0	0	0	0	0	0	0	0	0	0	0	0
ola-miR-724-5p	9646	5631	6380	7407	11019	16862	4743	2420	15239	231	57	134	18	0	52	71	65	43	268	351	228	267	283	258	234	154	393
ola-miR-724-3p	263	153	96	209	239	445	108	56	367	34	22	28	0	0	0	5	5	4	4	8	1	7	3	1	1	4	9
ola-miR-725-5p	381	260	191	377	281	411	133	243	781	46	0	14	7	12	27	52	39	36	17	28	27	20	21	8	7	4	11
ola-miR-725-3p	7479	5640	6440	7909	5055	9235	3312	4789	12516	5996	2217	1731	6947	2132	6808	5937	7711	5457	2832	4325	4549	1521	2432	3391	702	505	836
ola-miR-726-5p	4	0	2	3	0	1	111	4	6	0	0	0	0	0	0	0	0	0	0	0	0	0	0	0	0	0	0
ola-miR-726-3p	13	10	17	18	10	14	211	3	15	0	0	0	0	0	0	0	1	0	0	3	0	0	0	0	5	1	1
ola-miR-727a-5p	464	307	467	829	437	739	460	186	1166	18	36	88	82	57	68	130	137	90	151	353	203	239	389	83	156	86	78
ola-miR-727a-3p	114	36	127	112	117	273	54	22	264	0	11	7	3	2	12	34	32	32	44	110	97	93	119	39	56	41	36
ola-miR-727b-5p	1618	982	1193	2019	1382	2955	969	429	2943	42	0	16	0	0	0	2	0	0	60	111	35	63	195	9	316	368	183
ola-miR-727b-3p	203	77	184	84	198	468	55	46	477	0	11	0	0	0	0	0	0	1	11	11	3	13	29	1	68	48	30
ola-miR-728a-3p	221	78	111	154	124	329	40	17	115	0	0	0	0	0	0	25	40	20	33	89	66	32	85	37	38	17	15
ola-miR-728b-5p	119	45	65	83	52	202	7	11	83	0	0	0	0	0	0	0	1	0	16	17	2	9	15	3	58	91	43
ola-miR-728b-3p	250	120	155	182	110	492	54	27	249	0	0	0	0	0	0	0	2	0	33	59	30	29	82	7	194	268	145
ola-miR-729-5p	0	0	0	0	2	0	2	0	0	0	0	0	0	0	0	0	1	0	0	0	0	0	2	0	0	0	1
ola-miR-729-3p	4	1	3	4	8	0	0	0	5	0	0	0	0	0	0	2	2	1	13	10	12	5	16	2	4	10	11
ola-miR-730-5p	3238	2145	2806	4416	3019	5019	2459	1320	7639	892	525	764	151	33	220	1142	896	703	1364	2783	801	1507	3432	736	477	321	1047
ola-miR-730-3p	71	17	40	44	58	81	49	25	37	44	0	0	3	0	0	4	2	2	17	54	18	38	85	9	11	9	21
ola-miR-734-5p	6	6	33	20	13	8	5	11	16	0	0	0	0	0	0	3	3	3	7	35	5	11	12	9	27	14	45
ola-miR-734-3p	476	264	492	530	365	746	117	112	552	0	0	0	0	0	3	33	27	18	74	343	48	99	118	89	275	200	208
ola-miR-736-1-5p	8	2	1	4	6	4	1	1	6	0	0	0	0	0	0	0	0	0	0	0	0	0	0	0	0	0	0
ola-miR-737-5p	2517	950	1562	952	1668	3439	970	583	2455	34	10	12	10	4	10	258	171	137	1885	2846	1229	1199	1694	1412	2411	1751	1307
ola-miR-7552a-5p	13	9	18	7	9	31	1	4	16	0	0	0	0	0	2	4	0	0	24	74	50	32	58	29	20	11	13
ola-miR-7552b-5p	29	10	27	15	15	52	7	1	7	0	0	0	0	0	4	26	13	7	153	352	257	191	269	182	85	74	47
ola-miR-7552b-3p	5	6	12	5	12	17	6	1	15	0	0	0	2	0	0	14	7	6	158	334	198	210	281	136	22	23	12
ola-miR-7-5p	32300	16198	18572	21795	25714	54608	13165	7878	37854	12292	6976	10254	743	261	4651	4643	5301	3649	5799	9294	4819	4913	6860	5650	83535	69576	66303
ola-miR-7a-1-3p	8	8	4	13	8	16	7	1	9	0	0	0	0	0	0	0	0	0	0	0	0	0	1	0	0	1	3
ola-miR-7a-3-3p	32	16	24	48	43	91	28	6	63	0	0	0	0	0	0	0	1	0	2	2	0	3	5	0	0	2	2
ola-miR-7a-4-3p	2	0	0	0	0	3	0	3	0	0	0	0	4	0	0	1	0	1	0	3	3	5	0	4	61	33	56
ola-miR-7bb-3p	100	68	75	108	112	197	57	10	34	0	1	1	2	1	42	28	20	7	14	36	35	15	23	20	26	19	20
ola-miR-8159-5p	27308	11990	19792	29861	13007	28837	4027	6431	51954	198	33	53	1	128	0	1110	1385	1166	624	1249	819	521	1020	1035	1860	1134	2713
ola-miR-8160a-5p	331	207	308	391	357	659	271	136	724	639	408	762	49	45	159	52	61	33	49	118	54	66	65	42	47	92	53
ola-miR-8160a-3p	1	0	1	0	0	0	0	0	0	0	0	0	0	0	0	0	0	0	0	0	0	0	0	0	0	0	1
ola-miR-9-5p	202495	102525	104877	149849	121909	317251	53124	35220	205797	52	89	79	8	5	13850	124	137	90	253	644	305	178	341	135	367	344	337
ola-miR-9-1-3p	12561	5887	10871	10479	6986	18258	4270	1931	16430	0	0	0	0	0	543	7	8	7	33	56	33	29	55	20	61	60	73
ola-miR-9-4-3p	1627	755	1061	1345	1164	2622	580	111	2039	0	0	0	0	0	0	2	3	0	37	21	28	20	36	8	4	13	10
ola-miR-9-7-3p	3834	1743	3326	3163	2195	4905	1591	328	5199	0	0	0	0	0	1	1	1	0	3	5	13	10	15	4	4	6	9
ola-miR-92a-1-5p	207	125	201	348	177	253	153	158	579	399	305	285	46	56	58	101	82	86	67	240	131	97	138	59	111	71	67
ola-miR-92a-3p	154648	100813	134843	226840	122466	219440	92222	101145	310029	71591	81342	62942	11797	7064	23877	32574	22718	20403	23860	52198	28976	30890	40126	20559	44534	34566	36082
ola-miR-92a-2-5p	93	45	77	165	63	112	34	60	119	0	0	0	5	0	5	14	4	7	15	26	23	23	21	16	17	13	26
ola-miR-92b-3p	9747	6312	5010	10514	8441	11751	4583	2433	8248	1287	757	796	260	169	612	921	640	536	267	858	437	342	592	220	959	716	845
ola-miR-93a-5p	3187	1273	2269	1916	1576	3531	587	760	2247	80	34	5	18	8	26	227	188	165	1192	2052	1432	1244	1766	1167	2404	1804	2536
ola-miR-93a-3p	24	4	17	5	14	29	11	7	3	0	0	0	0	3	0	2	1	1	16	72	25	20	39	16	36	23	54
ola-miR-96-5p	18318	7292	9845	15011	21429	34049	5820	3887	20507	75	55	18	0	0	1269	350	594	397	364	661	718	209	501	310	1046	742	770
ola-miR-96a-3p	52	11	19	14	14	83	10	4	36	0	0	0	0	0	0	0	0	0	0	0	1	0	0	0	0	0	0
ola-miR-96b-3p	11	1	1	1	5	29	2	6	10	0	0	0	0	0	0	0	0	0	0	2	0	0	0	0	1	0	1
ola-miR-99a-5p	57391	33248	41107	65561	46215	91015	27925	18303	92757	2325	1863	2233	326	232	2006	6305	6001	3725	8121	13698	6106	10093	11607	5473	11807	10349	9514
ola-miR-99a-3p	36	9	16	20	26	21	7	8	26	0	0	0	0	0	0	0	0	0	4	7	7	7	13	5	7	5	8
ola-miR-ENSGACG00000022167-5p	0	0	0	0	0	0	0	0	0	0	0	0	0	0	0	0	0	0	0	0	0	0	0	0	0	0	0
